14334161;2053595690;3024642965;
14334161;3024642965;3024642956;
14334234;2202026227;2202026224;
14334234;2202026224;2202026217;
14334234;2202026217;138246839;
14334234;138246839;2202026206;
14334234;2202026206;2202026195;
14334234;2202026195;3950967584;
14334234;3950967584;2202026187;
14334234;2202026187;3950967579;
14334234;3950967579;138246940;
14334249;2202026209;138243251;
14334291;138246606;2202026227;
14334291;2202026227;2053566833;
14334291;2053566833;138246838;
14334291;138246838;4505215366;
14334291;4505215366;138248032;
14334376;2053568211;4492375339;
14334376;4492375339;4492375338;
14334376;4492375338;138251412;
14334376;138251412;4492375337;
14334376;4492375337;3950967596;
14334376;3950967596;3950967595;
14334376;3950967595;138251514;
31720870;297369597;3718767457;
31720870;3718767457;354912241;
31721016;297369233;354913681;
31721016;354913681;4378211515;
31721016;4378211515;1842003004;
31721081;354912520;297369050;
31721081;297369050;3027958639;
31721081;3027958639;560409257;
31721081;560409257;3027966588;
31721081;3027966588;297369052;
31721081;297369052;297369598;
31721081;297369598;138248032;
31721081;138248032;4505215363;
31721081;4505215363;4685615413;
31721081;4685615413;4466617541;
31721081;4466617541;138243251;
35331293;414142472;560976045;
35331293;560976045;297369233;
35383635;297369446;4751660611;
35383635;4751660611;3950967640;
35383635;3950967640;534476357;
35383635;534476357;4458013144;
35383635;4458013144;4444174177;
35383635;4444174177;4444174395;
35383635;4444174395;1103427051;
35383635;1103427051;1788786450;
35383635;1788786450;4751728980;
35383635;4751728980;4751729044;
35383635;4751729044;4751728982;
35383635;4751728982;4751728981;
35383635;4751728981;4751729039;
35383635;4751729039;138249077;
42743767;534476350;534476351;
42743767;534476351;534476352;
42743770;534476357;534476358;
42743770;534476358;4458017023;
42743770;4458017023;534476359;
42743770;534476359;4458012086;
42743770;4458012086;4753732957;
42743770;4753732957;534476360;
42743770;534476360;534476367;
42743772;2053578106;2053578105;
42743772;2053578105;534476366;
42743772;534476366;1103427051;
42743772;1103427051;534476350;
42743772;534476350;534476367;
42743772;534476367;4753732474;
42743772;4753732474;534476370;
42743772;534476370;4444174173;
42744003;534478820;560405677;
42744003;560405677;534478825;
42744003;534478825;534478833;
42744003;534478833;560405676;
42744003;560405676;534478838;
44093324;1108076391;560401001;
44093324;560401001;4751628127;
44093324;4751628127;3950967863;
44093324;3950967863;560401000;
44093324;560401000;560400999;
44093324;560400999;3950967859;
44093324;3950967859;560400998;
44093324;560400998;560400996;
44093324;560400996;2514419973;
44093324;2514419973;2514419974;
44093324;2514419974;2514419975;
44093324;2514419975;560400995;
44093324;560400995;3950967858;
44093325;1840233831;560401004;
44093325;560401004;560401005;
44093325;560401005;4753693275;
44093325;4753693275;560401007;
44093325;560401007;560401009;
44093325;560401009;560401022;
44093325;560401022;560401012;
44093325;560401012;4573702143;
44093325;4573702143;4573702142;
44093325;4573702142;3950967828;
44093325;3950967828;560401013;
44093325;560401013;4751628147;
44093328;560401022;1143317882;
44093328;1143317882;560401025;
44093328;560401025;3535585466;
44093328;3535585466;4751573329;
44093328;4751573329;4751573330;
44093328;4751573330;4751573331;
44094125;534478838;560405663;
44094125;560405663;560405664;
44094125;560405664;560405665;
44094125;560405665;1393866707;
44094125;1393866707;560405666;
44094125;560405666;4378211631;
44094125;4378211631;560405667;
44094125;560405667;3950967851;
44094125;3950967851;560405670;
44094125;560405670;560405671;
44094125;560405671;4751628062;
44094125;4751628062;560405672;
44094125;560405672;560405673;
44094125;560405673;4751628064;
44094125;4751628064;4751628063;
44094125;4751628063;4751628065;
44094125;4751628065;560405674;
44094125;560405674;560405654;
44094128;560405676;3950967771;
44094128;3950967771;560405666;
44094131;4394286211;560405679;
44094131;560405679;560405680;
44094131;560405680;560405667;
44095082;560408964;4751660595;
44095082;4751660595;4591119776;
44095082;4591119776;4591119775;
44095082;4591119775;4591119774;
44095082;4591119774;560408977;
44095082;560408977;4591119773;
44095082;4591119773;4452315833;
44095082;4452315833;560408985;
44095082;560408985;4591119788;
44095082;4591119788;560409047;
44095082;560409047;4751660594;
44095082;4751660594;4751660593;
44095082;4751660593;560409052;
44095082;560409052;560409056;
44095082;560409056;560409062;
44095082;560409062;4751660591;
44095082;4751660591;4591119764;
44095082;4591119764;560409066;
44095084;560409086;560409090;
44095084;560409090;560409093;
44095084;560409093;4751660589;
44095084;4751660589;4751660588;
44095084;4751660588;4751660590;
44095084;4751660590;560409096;
44095084;560409096;560409098;
44095084;560409098;4751660592;
44095084;4751660592;560409062;
44095086;4486698383;4486698382;
44095086;4486698382;560409117;
44095086;560409117;560409123;
44095088;560409175;560409219;
44157245;354912520;4685595603;
44157245;4685595603;4685595604;
44157245;4685595604;4685595605;
44157245;4685595605;4685595606;
44157245;4685595606;560976026;
44157246;560976038;560976040;
44157246;560976040;560976041;
44157246;560976041;4685595595;
44157246;4685595595;560976042;
44157246;560976042;560976043;
44157246;560976043;560976044;
44157246;560976044;4685595596;
44157246;4685595596;4685595597;
44157246;4685595597;560976045;
44157248;560976023;560976051;
44157249;560976051;560976053;
44157410;560976026;4685595602;
44157410;4685595602;4685595599;
44157410;4685595599;4685595600;
44157410;4685595600;4685595601;
44157410;4685595601;560977449;
44157410;560977449;4685595607;
44157410;4685595607;4685595608;
44157410;4685595608;4685595609;
44157410;4685595609;4685595610;
44157410;4685595610;560977450;
44157410;560977450;4685595611;
44157410;4685595611;4685595612;
44157410;4685595612;560977451;
44157410;560977451;4685595613;
44157410;4685595613;560977452;
125150859;1842003004;1842003008;
125150859;1842003008;4378211524;
125150859;4378211524;297369444;
125150860;354917936;1390706584;
125150860;1390706584;1393866638;
125513760;1393866615;297369444;
125513761;1393866640;4751660574;
125513761;4751660574;4751660573;
125513761;4751660573;1393866636;
125513761;1393866636;4751660578;
125513761;4751660578;1556432410;
125513761;1556432410;2053562557;
125513761;2053562557;1842003012;
125513762;534478846;4581810334;
125513762;4581810334;534478850;
125513762;534478850;4751660564;
125513762;4751660564;4378211628;
125513762;4378211628;4751660565;
125513762;4751660565;4751660566;
125513762;4751660566;1393866687;
125513764;1393866638;4751660540;
125513764;4751660540;1393866649;
125513764;1393866649;4751660539;
125513764;4751660539;1393866658;
125513764;1393866658;4751660542;
125513764;4751660542;1393866667;
125513764;1393866667;4751660541;
125513764;4751660541;1393866672;
125513764;1393866672;4751660549;
125513764;4751660549;4751660545;
125513764;4751660545;1393866678;
125513764;1393866678;1393866681;
125513764;1393866681;1393866686;
125513764;1393866686;1393866692;
125513764;1393866692;1393866695;
125513764;1393866695;2102561875;
125513764;2102561875;4751660562;
125513764;4751660562;1393866702;
125513764;1393866702;4751660561;
125513764;4751660561;4751660563;
125513764;4751660563;534478846;
125513768;2178845901;2102561906;
125513768;2102561906;1393866682;
125513768;1393866682;4751660556;
125513768;4751660556;1393866689;
125513768;1393866689;4751660557;
125513768;4751660557;1393866691;
125513768;1393866691;1393866693;
125513768;1393866693;1393866692;
125513768;1393866692;4751660553;
125513768;4751660553;4751660554;
125513768;4751660554;4751660555;
125513768;4751660555;1393866687;
125513771;1393866671;1393866676;
125513771;1393866676;2122906080;
125513771;2122906080;2178845901;
125513772;1393866647;1393866670;
125513772;1393866670;4751660543;
125513772;4751660543;4751660544;
125513772;4751660544;1393866684;
125513772;1393866684;1393866690;
125513772;1393866690;4751660560;
125513772;4751660560;1393866693;
125513773;1393866638;1393866647;
125513773;1393866647;1393866671;
142213955;1393866679;1393866677;
142213955;1393866677;4751660551;
142213955;4751660551;4751660552;
142213955;4751660552;1393866674;
142213956;354912520;1556432409;
142213956;1556432409;297369597;
142213956;297369597;1556432407;
142213956;1556432407;297369233;
142213957;1393866672;4751660550;
142213957;4751660550;4751660546;
142213957;4751660546;4751660547;
142213957;4751660547;4751660548;
142213957;4751660548;4378211597;
142213957;4378211597;4378211626;
173372579;560408985;4591119889;
173372579;4591119889;560408993;
173372579;560408993;4591119890;
173372579;4591119890;560409001;
173372579;560409001;560409011;
173372579;560409011;4591119891;
173372579;4591119891;560409104;
173372579;560409104;4452315865;
173372579;4452315865;560409018;
173372579;560409018;4751660581;
173372579;4751660581;4751660580;
173372579;4751660580;560409024;
173372583;1842003012;2585723992;
173372583;2585723992;354912518;
173372583;354912518;354912520;
173372586;1842003013;560409305;
194846905;2053562557;2053561771;
194846905;2053561771;4753693845;
194846905;4753693845;4753693844;
194846905;4753693844;4753693846;
194846905;4753693846;4753693843;
194846905;4753693843;4753693842;
194846905;4753693842;4753693841;
194846905;4753693841;2053561767;
194846905;2053561767;2053561769;
194846905;2053561769;2053561773;
194847542;2053562968;2053562970;
194847542;2053562970;4581810330;
194847542;4581810330;4581810333;
194847542;4581810333;2053562969;
194847542;2053562969;4581810329;
194847542;4581810329;4581810331;
194847542;4581810331;2053562971;
194847542;2053562971;4581810328;
194847542;4581810328;4581810332;
194847542;4581810332;2053562968;
194847542;2053562968;2053561767;
194847817;2053566833;2053564928;
194847817;2053564928;2053564925;
194847817;2053564925;2053564926;
194847817;2053564926;2053564927;
207634514;1393866671;1393866683;
207634514;1393866683;4751660559;
207634514;4751660559;1393866688;
207634514;1393866688;4751660558;
207634514;4751660558;1393866691;
207634520;1393866687;534478854;
207634520;534478854;4751660567;
207634520;4751660567;4378211600;
207634520;4378211600;4751660568;
207634520;4751660568;4751660569;
207634520;4751660569;1393866674;
207634520;1393866674;4751660570;
207634520;4751660570;4751660571;
207634520;4751660571;1393866656;
207634520;1393866656;4751660572;
207634520;4751660572;1393866640;
207634521;1842003012;1556432411;
207634521;1556432411;4753693289;
207634521;4753693289;1842003013;
207634521;1842003013;1840233831;
207634521;1840233831;4753693887;
207634521;4753693887;3950752569;
207634521;3950752569;1842003014;
207634521;1842003014;1556432395;
207634521;1556432395;3950752584;
207634521;3950752584;4458013161;
207634521;4458013161;4751660608;
207634521;4751660608;1556432405;
207634521;1556432405;3950967609;
207634521;3950967609;4751660607;
207634521;4751660607;414120991;
210073245;2202026176;3950967577;
210073245;3950967577;2202026181;
210073245;2202026181;3950967580;
210073245;3950967580;2202026189;
210073245;2202026189;2202026196;
210073245;2202026196;2202026209;
210073245;2202026209;2202026216;
210073245;2202026216;2202026220;
210073245;2202026220;138246838;
210073256;560401017;560401018;
210073256;560401018;560401019;
210073256;560401019;560401017;
210073256;560401017;4751573321;
210073256;4751573321;560401021;
210073256;560401021;4573702146;
210073256;4573702146;4573702145;
210073256;4573702145;4573702144;
210073256;4573702144;560401009;
210073282;2202026216;2202026217;
210073284;138246839;2202026209;
210073286;2202026220;2202026224;
291331346;560976031;560976023;
291331346;560976023;4685595598;
291331346;4685595598;560976024;
291331346;560976024;1393866572;
291331346;1393866572;3718750601;
291331346;3718750601;297369233;
298568012;138243957;3024642956;
298838091;3027958639;560409175;
368009830;560977452;560976021;
368009830;560976021;560976022;
368009831;560976022;560976028;
368009831;560976028;560976027;
368009831;560976027;560976026;
368009832;560976022;560976031;
368009832;560976031;560976032;
368009832;560976032;560976033;
368009832;560976033;560976034;
368009832;560976034;560975945;
368009832;560975945;560975952;
368010882;3718767457;3718767458;
368010882;3718767458;3718767459;
368010882;3718767459;3718767460;
368010882;3718767460;3718767462;
368010882;3718767462;3718767461;
391814310;3950752609;3950752634;
391814310;3950752634;4753693894;
391814310;4753693894;4753693895;
391814311;3950752584;3950752592;
391814312;3950752592;3950752596;
391814312;3950752596;3950752609;
391839882;560400987;560401016;
391839882;560401016;560401014;
391839895;3024642956;138244793;
391839895;138244793;3950967575;
391839895;3950967575;3024642967;
391839895;3024642967;138244795;
391839895;138244795;4591119708;
391839895;4591119708;2202026176;
391839895;2202026176;138246940;
391839895;138246940;3950967582;
391839895;3950967582;1788785598;
391839895;1788785598;137975057;
391839898;534478838;534478846;
391839899;417058205;534478808;
391839899;534478808;534476364;
391839899;534476364;4452315830;
391839899;4452315830;1108076391;
391839899;1108076391;4751627620;
391839899;4751627620;4751628049;
391839899;4751628049;4751628073;
391839899;4751628073;534478820;
391839900;414120984;3950967653;
391839901;137975057;4751728013;
391839901;4751728013;3950967586;
391839901;3950967586;1788785626;
391839901;1788785626;1788785697;
391839901;1788785697;4751728014;
391839901;4751728014;4751728015;
391839901;4751728015;4751728016;
391839901;4751728016;138246607;
391839901;138246607;138251514;
391839901;138251514;4751660618;
391839901;4751660618;4751660627;
391839901;4751660627;3950967598;
391839901;3950967598;3950967599;
391839901;3950967599;138246606;
391839902;138246606;3950967608;
391839905;3950967616;3950967611;
391839905;3950967611;3950967606;
391839905;3950967606;4751660617;
391839905;4751660617;3950967601;
391839905;3950967601;3950967597;
391839907;3950967597;3950967595;
391839907;3950967595;3950967594;
391839907;3950967594;3950967593;
391839907;3950967593;4751728009;
391839907;4751728009;4751728008;
391839907;4751728008;4751728010;
391839907;4751728010;4751728011;
391839907;4751728011;3950967591;
391839907;3950967591;4751728012;
391839907;4751728012;3950967589;
391839907;3950967589;3950967587;
391839907;3950967587;137975057;
391839908;3950967653;4751660606;
391839908;4751660606;4473717347;
391839908;4473717347;3950967645;
391839908;3950967645;3950967631;
391839908;3950967631;3950967623;
391839908;3950967623;3950967622;
391839908;3950967622;3950967616;
391839909;3950967608;414120959;
391839910;560400987;414120979;
391839910;414120979;4753732950;
391839910;4753732950;4753693928;
391839910;4753693928;560400989;
391839910;560400989;3950967797;
391839910;3950967797;4751660603;
391839910;4751660603;414120982;
391839910;414120982;2514419979;
391839910;2514419979;414120984;
391839911;3950967653;3950967650;
391839911;3950967650;3950967636;
391839911;3950967636;3950967629;
391839911;3950967629;3950967621;
391839911;3950967621;4473717345;
391839911;4473717345;4473717346;
391839911;4473717346;3950967620;
391839911;3950967620;3950967625;
391839911;3950967625;3950967638;
391839911;3950967638;3950967640;
391839939;3950967858;4751632856;
391839939;4751632856;3950967860;
391839939;3950967860;3950967862;
432472358;138248032;560976005;
432472358;560976005;4685615403;
432472358;4685615403;560976006;
432472358;560976006;560976007;
432472358;560976007;4466600888;
432472358;4466600888;560976008;
434896885;297369444;4378211547;
434896885;4378211547;354917932;
434896885;354917932;1390706567;
434896892;1393866640;4751660528;
434896892;4751660528;1393866633;
434896892;1393866633;4751660529;
434896892;4751660529;4751660576;
434896892;4751660576;1393866617;
434896892;1393866617;1393866613;
434896892;1393866613;4751660534;
434896892;4751660534;1393866615;
434896892;1393866615;4751660532;
434896892;4751660532;1393866627;
434896892;1393866627;4751660531;
434896892;4751660531;4751660533;
434896892;4751660533;1393866635;
434896892;1393866635;4751660535;
434896892;4751660535;1393866638;
434896892;1393866638;1393866646;
434896892;1393866646;4751660530;
434896892;4751660530;1393866640;
434897752;1842003004;1393866606;
434897752;1393866606;1393866615;
447248044;4444174174;4753693926;
447248044;4753693926;534476372;
447248044;534476372;414120979;
447248047;4444174177;4444174178;
447248047;4444174178;4444174179;
447248047;4444174179;4753733014;
447248047;4753733014;4753732984;
447248047;4753732984;4444174180;
447248047;4444174180;4753732985;
447248047;4753732985;4753732986;
447248047;4753732986;4444174181;
447248047;4444174181;4753732987;
447248047;4753732987;4753732988;
447248047;4753732988;4444174182;
447248047;4444174182;4444174183;
447248047;4444174183;4753732989;
447248047;4753732989;4444174184;
447248047;4444174184;4753732990;
447248047;4753732990;4444174186;
447248047;4444174186;4444174185;
447248047;4444174185;4753733024;
447248047;4753733024;4753733023;
447248047;4753733023;4753733022;
447248047;4753733022;4753733021;
447248047;4753733021;4753733020;
447248047;4753733020;4753733019;
447248047;4753733019;4753733018;
447248047;4753733018;4753733017;
447248047;4753733017;4753733016;
447248049;4444174186;4444174187;
447248051;4444174181;4444174188;
447248051;4444174188;4444174389;
447248051;4444174389;4444174390;
447248051;4444174390;4753765953;
447248051;4753765953;4753765954;
447248051;4753765954;4444174391;
447248051;4444174391;4753765955;
447248051;4753765955;4753765956;
447248051;4753765956;4444174392;
447248051;4444174392;4753733004;
447248051;4753733004;4753733002;
447248051;4753733002;4753733003;
447248051;4753733003;4444174393;
447248051;4444174393;4753733005;
447248051;4753733005;4444174394;
447248051;4444174394;4753733006;
447248051;4753733006;4753733007;
447248051;4753733007;4753733008;
447248053;4444174178;4753732960;
448195860;4452315865;4751660587;
448195860;4751660587;4751660582;
448195860;4751660582;4751660583;
448195860;4751660583;4751660584;
448195860;4751660584;4751660585;
448195860;4751660585;4452315866;
448195860;4452315866;4751660586;
448195860;4751660586;4452315867;
448195861;4452315870;4452315871;
448195861;4452315871;4452315872;
448195861;4452315872;4452315873;
448195861;4452315873;4452315878;
448195861;4452315878;4452315874;
448195861;4452315874;4452315875;
448195861;4452315875;4452315876;
448195861;4452315876;4591119782;
448195861;4591119782;4452315877;
448195861;4452315877;4452315837;
448195861;4452315837;4452315836;
448195861;4452315836;4591119783;
448195861;4591119783;4452315835;
448195861;4452315835;4591119784;
448195861;4591119784;4591119785;
448195861;4591119785;4452315834;
448195861;4452315834;4591119786;
448195861;4591119786;4591119787;
448195861;4591119787;560408985;
448824904;4458013144;4753733051;
448824904;4753733051;4458013146;
448824904;4458013146;4458013145;
448824907;4458013161;4458013162;
448824907;4458013162;4458013163;
448824907;4458013163;4458013164;
448824907;4458013164;4458013165;
448867770;414120991;3950967623;
448867770;3950967623;3950967629;
448867772;414120991;3950967626;
448867772;3950967626;3950967635;
448867772;3950967635;2514419980;
448867772;2514419980;4751660605;
448867772;4751660605;4473717348;
448867772;4473717348;4751660604;
448867772;4751660604;414120984;
448867775;414120959;414120991;
448867778;3950967616;414120959;
448867778;414120959;4751660610;
448867778;4751660610;4751660609;
448867778;4751660609;414120957;
448867778;414120957;3950752568;
448867778;3950752568;560409024;
448867778;560409024;3950752567;
448867778;3950752567;560409086;
448867778;560409086;560401003;
448867778;560401003;560409305;
448867778;560409305;354912518;
448867778;354912518;354912241;
448867778;354912241;4751660579;
448867778;4751660579;4751660577;
448867778;4751660577;3718767461;
448867778;3718767461;354915365;
448867778;354915365;4751660575;
448867778;4751660575;1393866617;
453840037;4505215365;4505215369;
453840037;4505215369;4505215368;
453840037;4505215368;4505215367;
461937901;4452315867;4452315868;
461937901;4452315868;4452315869;
461937901;4452315869;4452315870;
462847850;4581810334;4581810336;
462847850;4581810336;4581810335;
462847851;4581810337;4581810338;
462847851;4581810338;4581810339;
462847851;4581810339;4581810340;
462847851;4581810340;4581810341;
462847851;4581810341;4581810344;
462847851;4581810344;4581810342;
462847851;4581810342;4581810343;
462847852;4581810344;4581810345;
462847853;4581810339;4581810346;
462847853;4581810346;4581810347;
462847853;4581810347;4581810348;
462847853;4581810348;4581810349;
462847853;4581810349;4581810350;
462847853;4581810350;4581810351;
462847853;4581810351;4581810352;
462847853;4581810352;4581810353;
462847853;4581810353;4581810354;
462847853;4581810354;4581810355;
462847853;4581810355;4581810335;
482312806;4751573321;4751573322;
482312806;4751573322;4751573323;
482312806;4751573323;4751573324;
482312806;4751573324;4751573325;
482312806;4751573325;4751573326;
482312806;4751573326;4751573327;
482312806;4751573327;4751573328;
482312810;560400998;4751573336;
482312810;4751573336;4751573337;
482312810;4751573337;4751573338;
482312811;4751573338;4751573339;
482312811;4751573339;4751573344;
482312811;4751573344;4751573345;
482312811;4751573345;4751573346;
482312811;4751573346;4751573362;
482312811;4751573362;4751573347;
482312811;4751573347;4751573348;
482312811;4751573348;4751573349;
482312811;4751573349;4751573350;
482312811;4751573350;4751573351;
482312811;4751573351;4751573352;
482312811;4751573352;4751573353;
482312811;4751573353;4751573354;
482312811;4751573354;4751573355;
482312811;4751573355;4751573356;
482312811;4751573356;4751573357;
482312811;4751573357;4751573358;
482312811;4751573358;4751573359;
482312811;4751573359;4751573363;
482312811;4751573363;4751573360;
482312811;4751573360;4751573361;
482316438;4751627620;4751628021;
482316438;4751628021;4751628022;
482316438;4751628022;4751628023;
482316447;4751628049;4751628050;
482316447;4751628050;4751628051;
482316447;4751628051;4751628052;
482316447;4751628052;4751628053;
482316447;4751628053;4751628054;
482316447;4751628054;4751628055;
482316447;4751628055;4751628056;
482316447;4751628056;4751628057;
482316447;4751628057;4751628058;
482316448;534478820;4751628059;
482316448;4751628059;4751628060;
482316448;4751628060;4751628061;
482316451;4751628079;4751628080;
482316451;4751628080;4751628081;
482316451;4751628081;4751628082;
482316459;4751628127;4751628128;
482316459;4751628128;4751628129;
482316459;4751628129;4751628130;
482316459;4751628130;4751628131;
482316459;4751628131;4751628132;
482316459;4751628132;4751628133;
482316463;3950967858;4751628136;
482316463;4751628136;2514419976;
482316463;2514419976;560400994;
482316463;560400994;2514419978;
482316463;2514419978;2514419977;
482316463;2514419977;560400993;
482316464;4751628140;560401014;
482316464;560401014;4751631297;
482316464;4751631297;4751628141;
482316464;4751628141;4751628142;
482316464;4751628142;4751628143;
482316464;4751628143;4751628144;
482316464;4751628144;4751628145;
482316464;4751628145;4751628146;
482316464;4751628146;4751628147;
482316464;4751628147;4751628148;
482316464;4751628148;4753773206;
482316464;4753773206;560400993;
482316464;560400993;4751628149;
482316464;4751628149;4751628140;
482316465;4751628141;2202026232;
482316465;2202026232;560400991;
482316465;560400991;4751755846;
482316465;4751755846;4751755845;
482316465;4751755845;560400990;
482316465;560400990;3950967819;
482316465;3950967819;2202026231;
482316465;2202026231;4751660601;
482316465;4751660601;4751660600;
482316465;4751660600;4751660602;
482316465;4751660602;560400989;
482316795;560401014;4751631298;
482316795;4751631298;4751631299;
482316797;4751631299;4751628141;
482316798;4751628147;4751631300;
482316798;4751631300;4751631299;
482316798;4751631299;560400993;
482318527;560409305;560409123;
482318527;560409123;560409296;
482318527;560409296;560409066;
482318527;560409066;4751660599;
482318527;4751660599;560409287;
482318527;560409287;4591119765;
482318527;4591119765;4751660598;
482318527;4751660598;4591119766;
482318527;4591119766;560409219;
482318527;560409219;4751660597;
482318527;4751660597;4591119767;
482318527;4591119767;4452315832;
482318527;4452315832;4591119768;
482318527;4591119768;4591119769;
482318527;4591119769;560409281;
482318527;560409281;4591119770;
482318527;4591119770;4591119771;
482318527;4591119771;4591119772;
482318527;4591119772;4751660596;
482318527;4751660596;560408964;
482318527;560408964;4591119777;
482318527;4591119777;4591119778;
482318527;4591119778;4591119779;
482318527;4591119779;560409269;
482318528;560409024;1842003014;
482318529;3950967606;297369446;
482327701;534476354;4473717349;
482327701;4473717349;4473717350;
482327701;4473717350;414120976;
482327701;414120976;4473717351;
482327701;4473717351;560400987;
482557484;4753693270;4753693271;
482557484;4753693271;4753693272;
482557484;4753693272;4753693273;
482557484;4753693273;4753693274;
482557484;4753693274;4753693275;
482557492;4753693289;4753693300;
482557492;4753693300;4753693290;
482557492;4753693290;4753693291;
482557492;4753693291;4753693292;
482557492;4753693292;4753693293;
482557492;4753693293;4753693294;
482557492;4753693294;4753693295;
482557492;4753693295;4753693296;
482557492;4753693296;4753693297;
482557492;4753693297;4753693298;
482557492;4753693298;4753693299;
482557522;4753693885;4753693886;
482557523;4753693886;4753693887;
482557524;4753693885;4753693888;
482557524;4753693888;4753693889;
482557524;4753693889;4753693890;
482557524;4753693890;4753693891;
482557524;4753693891;4753693892;
482557526;4753693895;4753693896;
482557527;4753693896;4753693897;
482557527;4753693897;4753693898;
482557527;4753693898;4753693899;
482557534;4753693926;4753693927;
482557536;4753693928;4753693934;
482557536;4753693934;4753693929;
482557536;4753693929;4753693930;
482557536;4753693930;4753693931;
482557536;4753693931;4753693932;
482557536;4753693932;4753693933;
482561023;4753732474;4753732475;
482561023;4753732475;4753732476;
482561024;4753732476;4753732941;
482561024;4753732941;4753732477;
482561026;4753732479;4753732480;
482561026;4753732480;4753732481;
482561026;4753732481;4753732482;
482561026;4753732482;4753732483;
482561026;4753732483;4753732484;
482561026;4753732484;4753732485;
482561026;4753732485;4753732486;
482561027;4753732475;4753732487;
482561027;4753732487;4753732478;
482561047;4753732942;4753732943;
482561047;4753732943;4753732944;
482561047;4753732944;4753732945;
482561047;4753732945;4753732946;
482561047;4753732946;4753732947;
482561047;4753732947;4753732948;
482561047;4753732948;4753732949;
482561047;4753732949;4753732951;
482561047;4753732951;4753732950;
482561048;4753732952;4753732953;
482561048;4753732953;4753732954;
482561048;4753732954;4753732955;
482561048;4753732955;4753732956;
482561049;4753732952;4753732958;
482561049;4753732958;4753732957;
482561050;4753732960;4753732959;
482561051;4753732959;4444174395;
482561064;4444174187;4753732991;
482561064;4753732991;4753732992;
482561064;4753732992;4753732993;
482561064;4753732993;4753732994;
482561064;4753732994;4753732995;
482561064;4753732995;4753733011;
482561064;4753733011;4753733012;
482561064;4753733012;4753732996;
482561064;4753732996;4753732997;
482561064;4753732997;4753732998;
482561064;4753732998;4753732999;
482561064;4753732999;4753733000;
482561064;4753733000;4753733001;
482561068;4753733012;4753733013;
482561071;4753733019;4753733025;
482561071;4753733025;4753733026;
482561071;4753733026;4753733027;
482561071;4753733027;4753733028;
482561072;4753733017;4753733029;
482561072;4753733029;4753733030;
482561072;4753733030;4753733031;
482561072;4753733031;4753733032;
482561072;4753733032;4753733026;
