137975057;41.14843;-8.598247;-0.1500677;0.7181756
138243251;41.14607;-8.595151;-0.1500137;0.7181343
138243957;41.1463;-8.596208;-0.1500321;0.7181385
138244793;41.14661;-8.596071;-0.1500297;0.7181438
138244795;41.14805;-8.597913;-0.1500619;0.7181689
138246606;41.15078;-8.594151;-0.1499962;0.7182165
138246607;41.14974;-8.596182;-0.1500317;0.7181984
138246838;41.14913;-8.593644;-0.1499874;0.7181878
138246839;41.14879;-8.595746;-0.1500241;0.7181819
138246940;41.14825;-8.598071;-0.1500646;0.7181726
138248032;41.14648;-8.592738;-0.1499716;0.7181416
138249077;41.15472;-8.595559;-0.1500208;0.7182853
138251412;41.15092;-8.595776;-0.1500246;0.718219
138251514;41.15029;-8.59516;-0.1500138;0.718208
297369050;41.14705;-8.589527;-0.1499155;0.7181514
297369052;41.14678;-8.590978;-0.1499408;0.7181467
297369233;41.14731;-8.587234;-0.1498755;0.7181561
297369444;41.1488;-8.586012;-0.1498542;0.7181821
297369446;41.15095;-8.594208;-0.1499972;0.7182195
297369597;41.14723;-8.58813;-0.1498911;0.7181546
297369598;41.14674;-8.591201;-0.1499447;0.7181461
354912241;41.14902;-8.587082;-0.1498729;0.718186
354912518;41.14929;-8.588079;-0.1498903;0.7181906
354912520;41.14714;-8.589057;-0.1499073;0.7181531
354913681;41.14779;-8.586326;-0.1498597;0.7181643
354915365;41.14888;-8.58651;-0.1498629;0.7181835
354917932;41.14878;-8.58583;-0.149851;0.7181818
354917936;41.14894;-8.585793;-0.1498504;0.7181845
414120957;41.1508;-8.593701;-0.1499884;0.718217
414120959;41.15087;-8.593852;-0.149991;0.7182182
414120976;41.1533;-8.591273;-0.149946;0.7182606
414120979;41.15255;-8.591992;-0.1499586;0.7182474
414120982;41.15157;-8.592486;-0.1499672;0.7182304
414120984;41.15119;-8.592833;-0.1499732;0.7182237
414120991;41.15094;-8.593573;-0.1499861;0.7182194
414142472;41.14687;-8.585735;-0.1498494;0.7181484
417058205;41.15555;-8.590455;-0.1499317;0.7182998
534476350;41.15294;-8.594283;-0.1499985;0.7182543
534476351;41.15393;-8.593965;-0.149993;0.7182716
534476352;41.15425;-8.593858;-0.1499911;0.7182771
534476354;41.15361;-8.591166;-0.1499441;0.718266
534476357;41.15121;-8.594289;-0.1499986;0.718224
534476358;41.15131;-8.593946;-0.1499926;0.7182258
534476359;41.15167;-8.593261;-0.1499807;0.7182321
534476360;41.15277;-8.593712;-0.1499886;0.7182514
534476364;41.15463;-8.58941;-0.1499135;0.7182838
534476366;41.153;-8.594994;-0.1500109;0.7182553
534476367;41.1529;-8.593711;-0.1499885;0.7182536
534476370;41.15289;-8.593552;-0.1499858;0.7182534
534476372;41.15269;-8.592386;-0.1499654;0.7182499
534478808;41.15544;-8.59035;-0.1499299;0.718298
534478820;41.15228;-8.586727;-0.1498667;0.7182427
534478825;41.15143;-8.586671;-0.1498657;0.718228
534478833;41.15131;-8.586645;-0.1498652;0.7182258
534478838;41.1509;-8.586178;-0.1498571;0.7182187
534478846;41.1507;-8.586081;-0.1498554;0.7182152
534478850;41.1506;-8.586106;-0.1498558;0.7182136
534478854;41.1498;-8.586277;-0.1498588;0.7181995
560400987;41.15277;-8.591774;-0.1499548;0.7182514
560400989;41.15178;-8.592374;-0.1499652;0.7182341
560400990;41.15227;-8.592021;-0.1499591;0.7182426
560400991;41.1525;-8.591593;-0.1499516;0.7182466
560400993;41.15265;-8.590878;-0.1499391;0.7182491
560400994;41.15268;-8.590469;-0.149932;0.7182497
560400995;41.15272;-8.590076;-0.1499251;0.7182505
560400996;41.15276;-8.58949;-0.1499149;0.7182511
560400998;41.15277;-8.589356;-0.1499126;0.7182514
560400999;41.15294;-8.589183;-0.1499095;0.7182542
560401000;41.153;-8.58895;-0.1499055;0.7182553
560401001;41.15337;-8.588122;-0.149891;0.7182619
560401003;41.1498;-8.589962;-0.1499231;0.7181996
560401004;41.15006;-8.590244;-0.149928;0.718204
560401005;41.15025;-8.590408;-0.1499309;0.7182074
560401007;41.15034;-8.590426;-0.1499312;0.718209
560401009;41.15177;-8.590483;-0.1499322;0.7182338
560401012;41.15197;-8.590736;-0.1499366;0.7182373
560401013;41.15243;-8.590934;-0.1499401;0.7182454
560401014;41.15268;-8.591231;-0.1499453;0.7182498
560401016;41.15274;-8.591512;-0.1499502;0.7182508
560401017;41.15139;-8.589896;-0.149922;0.7182273
560401018;41.15113;-8.589888;-0.1499218;0.7182228
560401019;41.15114;-8.589626;-0.1499173;0.7182229
560401021;41.15168;-8.590224;-0.1499277;0.7182323
560401022;41.15189;-8.590643;-0.149935;0.718236
560401025;41.15263;-8.589534;-0.1499157;0.718249
560405654;41.1545;-8.586672;-0.1498657;0.7182816
560405663;41.15095;-8.586124;-0.1498561;0.7182196
560405664;41.15118;-8.585701;-0.1498487;0.7182236
560405665;41.15122;-8.585678;-0.1498484;0.7182242
560405666;41.15165;-8.585629;-0.1498475;0.7182319
560405667;41.15203;-8.585559;-0.1498463;0.7182384
560405670;41.15294;-8.585082;-0.149838;0.7182543
560405671;41.15305;-8.585063;-0.1498376;0.7182562
560405672;41.15316;-8.585083;-0.149838;0.7182582
560405673;41.15392;-8.585535;-0.1498459;0.7182714
560405674;41.15403;-8.585657;-0.149848;0.7182733
560405676;41.15118;-8.586496;-0.1498626;0.7182235
560405677;41.15216;-8.586702;-0.1498662;0.7182407
560405679;41.1521;-8.586255;-0.1498584;0.7182396
560405680;41.15206;-8.585798;-0.1498504;0.7182389
560408964;41.14752;-8.590943;-0.1499403;0.7181597
560408977;41.14776;-8.591217;-0.149945;0.7181638
560408985;41.14807;-8.591342;-0.1499472;0.7181693
560408993;41.14832;-8.591455;-0.1499492;0.7181736
560409001;41.14872;-8.591475;-0.1499495;0.7181807
560409011;41.14914;-8.59143;-0.1499487;0.718188
560409018;41.1496;-8.591356;-0.1499474;0.718196
560409024;41.15015;-8.591292;-0.1499463;0.7182057
560409047;41.1482;-8.591207;-0.1499448;0.7181717
560409052;41.14849;-8.590931;-0.14994;0.7181766
560409056;41.14863;-8.590719;-0.1499363;0.718179
560409062;41.14867;-8.590671;-0.1499355;0.7181798
560409066;41.14867;-8.590313;-0.1499292;0.7181798
560409086;41.14999;-8.590673;-0.1499355;0.7182028
560409090;41.14972;-8.590755;-0.1499369;0.7181981
560409093;41.14949;-8.590803;-0.1499378;0.7181942
560409096;41.14916;-8.590764;-0.1499371;0.7181883
560409098;41.14878;-8.590707;-0.1499361;0.7181818
560409104;41.14948;-8.591365;-0.1499476;0.7181939
560409117;41.14916;-8.589469;-0.1499145;0.7181883
560409123;41.14933;-8.59003;-0.1499243;0.7181914
560409175;41.148;-8.589855;-0.1499213;0.7181681
560409219;41.1482;-8.590472;-0.149932;0.7181715
560409257;41.14684;-8.590645;-0.149935;0.7181478
560409269;41.14729;-8.590864;-0.1499389;0.7181556
560409281;41.1479;-8.590799;-0.1499377;0.7181663
560409287;41.14858;-8.590323;-0.1499294;0.7181782
560409296;41.14918;-8.590101;-0.1499255;0.7181887
560409305;41.14977;-8.589827;-0.1499208;0.7181989
560975945;41.14565;-8.587546;-0.149881;0.7181271
560975952;41.14561;-8.587337;-0.1498773;0.7181263
560976005;41.14637;-8.592635;-0.1499698;0.7181397
560976006;41.1458;-8.591626;-0.1499522;0.7181296
560976007;41.14531;-8.590763;-0.1499371;0.7181212
560976008;41.14488;-8.589949;-0.1499229;0.7181137
560976021;41.14643;-8.58824;-0.1498931;0.7181406
560976022;41.14655;-8.588162;-0.1498917;0.7181427
560976023;41.1468;-8.58758;-0.1498815;0.7181471
560976024;41.14706;-8.587279;-0.1498763;0.7181517
560976026;41.14685;-8.588893;-0.1499045;0.718148
560976027;41.14681;-8.588803;-0.1499029;0.7181473
560976028;41.1466;-8.588323;-0.1498945;0.7181436
560976031;41.14655;-8.587932;-0.1498877;0.7181428
560976032;41.14608;-8.587548;-0.149881;0.7181346
560976033;41.1459;-8.587632;-0.1498825;0.7181314
560976034;41.14574;-8.587653;-0.1498828;0.7181287
560976038;41.14579;-8.586936;-0.1498703;0.7181295
560976040;41.14603;-8.586458;-0.149862;0.7181336
560976041;41.14612;-8.586278;-0.1498588;0.7181352
560976042;41.14621;-8.586217;-0.1498578;0.7181369
560976043;41.14646;-8.586082;-0.1498554;0.7181413
560976044;41.14676;-8.586075;-0.1498553;0.7181464
560976045;41.14693;-8.585913;-0.1498524;0.7181494
560976051;41.1464;-8.587102;-0.1498732;0.7181402
560976053;41.14662;-8.586659;-0.1498655;0.718144
560977449;41.14663;-8.588984;-0.1499061;0.7181442
560977450;41.14638;-8.588957;-0.1499056;0.7181398
560977451;41.14598;-8.588854;-0.1499038;0.7181328
560977452;41.14591;-8.588798;-0.1499028;0.7181317
1103427051;41.15299;-8.594892;-0.1500092;0.7182552
1108076391;41.15343;-8.588032;-0.1498894;0.7182628
1143317882;41.15198;-8.590506;-0.1499326;0.7182376
1390706567;41.14877;-8.585693;-0.1498486;0.7181815
1390706584;41.14896;-8.585963;-0.1498533;0.7181849
1393866572;41.14722;-8.587185;-0.1498747;0.7181544
1393866606;41.14869;-8.586143;-0.1498565;0.7181802
1393866613;41.14882;-8.586183;-0.1498572;0.7181824
1393866615;41.14883;-8.586096;-0.1498556;0.7181826
1393866617;41.14886;-8.586408;-0.1498611;0.7181831
1393866627;41.14888;-8.586039;-0.1498546;0.7181835
1393866633;41.14894;-8.586449;-0.1498618;0.7181845
1393866635;41.14895;-8.586064;-0.1498551;0.7181847
1393866636;41.14897;-8.586548;-0.1498635;0.7181851
1393866638;41.14898;-8.586135;-0.1498563;0.7181852
1393866640;41.14899;-8.586404;-0.149861;0.7181854
1393866646;41.14901;-8.586316;-0.1498595;0.7181857
1393866647;41.14909;-8.586197;-0.1498574;0.7181872
1393866649;41.14904;-8.586205;-0.1498576;0.7181863
1393866656;41.14908;-8.586356;-0.1498602;0.718187
1393866658;41.14909;-8.586238;-0.1498581;0.7181872
1393866667;41.14916;-8.586263;-0.1498585;0.7181883
1393866670;41.14916;-8.58622;-0.1498578;0.7181883
1393866671;41.14922;-8.586142;-0.1498564;0.7181894
1393866672;41.14922;-8.586269;-0.1498587;0.7181894
1393866674;41.14928;-8.586374;-0.1498605;0.7181904
1393866676;41.14926;-8.586102;-0.1498557;0.71819
1393866677;41.14936;-8.586329;-0.1498597;0.7181917
1393866678;41.14964;-8.586174;-0.149857;0.7181966
1393866679;41.14964;-8.586262;-0.1498585;0.7181967
1393866681;41.14978;-8.586143;-0.1498565;0.7181992
1393866682;41.1498;-8.585977;-0.1498536;0.7181994
1393866683;41.1498;-8.586013;-0.1498542;0.7181995
1393866684;41.14981;-8.586096;-0.1498556;0.7181996
1393866686;41.14981;-8.58614;-0.1498564;0.7181997
1393866687;41.14983;-8.586263;-0.1498585;0.7182
1393866688;41.14985;-8.586013;-0.1498542;0.7182004
1393866689;41.14986;-8.585986;-0.1498537;0.7182006
1393866690;41.14987;-8.586083;-0.1498554;0.7182007
1393866691;41.1499;-8.586038;-0.1498546;0.7182012
1393866692;41.14993;-8.586146;-0.1498565;0.7182018
1393866693;41.14992;-8.586087;-0.1498555;0.7182016
1393866695;41.14999;-8.586139;-0.1498564;0.7182029
1393866702;41.15053;-8.586036;-0.1498546;0.7182122
1393866707;41.15157;-8.585625;-0.1498474;0.7182304
1556432395;41.15026;-8.591388;-0.149948;0.7182076
1556432405;41.15083;-8.593462;-0.1499842;0.7182174
1556432407;41.14727;-8.587532;-0.1498807;0.7181553
1556432409;41.14717;-8.588793;-0.1499027;0.7181537
1556432410;41.14909;-8.587009;-0.1498716;0.7181871
1556432411;41.14941;-8.588213;-0.1498926;0.7181928
1788785598;41.14837;-8.598156;-0.1500661;0.7181745
1788785626;41.14851;-8.598059;-0.1500644;0.7181769
1788785697;41.1489;-8.597513;-0.1500549;0.7181838
1788786450;41.15453;-8.595394;-0.1500179;0.7182821
1840233831;41.14996;-8.59024;-0.149928;0.7182023
1842003004;41.14851;-8.586146;-0.1498565;0.718177
1842003008;41.1486;-8.586054;-0.1498549;0.7181786
1842003012;41.14937;-8.588047;-0.1498897;0.718192
1842003013;41.14984;-8.589789;-0.1499201;0.7182001
1842003014;41.15023;-8.59126;-0.1499458;0.718207
2053561767;41.14951;-8.587632;-0.1498825;0.7181945
2053561769;41.14969;-8.588281;-0.1498938;0.7181975
2053561771;41.14924;-8.587382;-0.1498781;0.7181897
2053561773;41.14977;-8.588604;-0.1498994;0.718199
2053562557;41.1492;-8.587399;-0.1498784;0.7181889
2053562968;41.14967;-8.587558;-0.1498812;0.7181973
2053562969;41.14977;-8.587272;-0.1498762;0.718199
2053562970;41.14985;-8.58747;-0.1498796;0.7182003
2053562971;41.14964;-8.587337;-0.1498773;0.7181966
2053564925;41.14935;-8.593129;-0.1499784;0.7181917
2053564926;41.14963;-8.59321;-0.1499798;0.7181965
2053564927;41.15036;-8.593438;-0.1499838;0.7182093
2053564928;41.14931;-8.593183;-0.1499793;0.718191
2053566833;41.14922;-8.59367;-0.1499878;0.7181894
2053568211;41.15119;-8.596296;-0.1500337;0.7182237
2053578105;41.15307;-8.595959;-0.1500278;0.7182565
2053578106;41.15282;-8.596094;-0.1500302;0.7182523
2053595690;41.14603;-8.595404;-0.1500181;0.7181337
2102561875;41.15046;-8.586047;-0.1498548;0.7182109
2102561906;41.14971;-8.585997;-0.1498539;0.7181979
2122906080;41.14943;-8.586061;-0.149855;0.7181931
2178845901;41.1497;-8.585999;-0.149854;0.7181977
2202026176;41.14812;-8.597983;-0.1500631;0.7181703
2202026181;41.14827;-8.597433;-0.1500535;0.7181728
2202026187;41.14839;-8.597486;-0.1500544;0.7181749
2202026189;41.14841;-8.596836;-0.1500431;0.7181752
2202026195;41.14853;-8.59689;-0.150044;0.7181773
2202026196;41.14855;-8.596236;-0.1500326;0.7181777
2202026206;41.14867;-8.596289;-0.1500335;0.7181798
2202026209;41.14868;-8.595695;-0.1500232;0.7181799
2202026216;41.14885;-8.594962;-0.1500104;0.7181829
2202026217;41.14896;-8.595011;-0.1500112;0.7181848
2202026220;41.149;-8.594293;-0.1499987;0.7181855
2202026224;41.14911;-8.594343;-0.1499996;0.7181875
2202026227;41.14925;-8.593678;-0.149988;0.7181899
2202026231;41.15181;-8.592254;-0.1499631;0.7182345
2202026232;41.15258;-8.591257;-0.1499457;0.718248
2514419973;41.15274;-8.589605;-0.1499169;0.7182508
2514419974;41.15273;-8.589818;-0.1499206;0.7182506
2514419975;41.15273;-8.589928;-0.1499225;0.7182506
2514419976;41.15271;-8.590311;-0.1499292;0.7182503
2514419977;41.15265;-8.590662;-0.1499353;0.7182493
2514419978;41.15266;-8.590564;-0.1499336;0.7182495
2514419979;41.15136;-8.592671;-0.1499704;0.7182267
2514419980;41.15109;-8.592973;-0.1499757;0.7182221
2585723992;41.14933;-8.588062;-0.14989;0.7181914
3024642956;41.14654;-8.595991;-0.1500283;0.7181426
3024642965;41.14627;-8.595682;-0.150023;0.718138
3024642967;41.14791;-8.597742;-0.1500589;0.7181665
3027958639;41.14704;-8.589549;-0.1499159;0.7181513
3027966588;41.14683;-8.590683;-0.1499357;0.7181477
3535585466;41.15267;-8.589478;-0.1499147;0.7182496
3718750601;41.14725;-8.587181;-0.1498746;0.718155
3718767457;41.14877;-8.587234;-0.1498755;0.7181816
3718767458;41.14879;-8.587151;-0.149874;0.7181818
3718767459;41.1488;-8.587028;-0.1498719;0.7181821
3718767460;41.14884;-8.586652;-0.1498653;0.7181828
3718767461;41.14889;-8.586557;-0.1498637;0.7181836
3718767462;41.14886;-8.586591;-0.1498643;0.7181831
3950752567;41.15011;-8.591129;-0.1499435;0.7182049
3950752568;41.15018;-8.591408;-0.1499484;0.7182062
3950752569;41.15019;-8.591098;-0.1499429;0.7182063
3950752584;41.15048;-8.592169;-0.1499616;0.7182114
3950752592;41.15054;-8.592145;-0.1499612;0.7182123
3950752596;41.15056;-8.592133;-0.149961;0.7182127
3950752609;41.15067;-8.592043;-0.1499594;0.7182147
3950752634;41.15087;-8.591885;-0.1499567;0.7182182
3950967575;41.14787;-8.597689;-0.150058;0.7181658
3950967577;41.14817;-8.597855;-0.1500609;0.7181711
3950967579;41.14829;-8.597951;-0.1500625;0.7181731
3950967580;41.1483;-8.5973;-0.1500512;0.7181733
3950967582;41.14833;-8.598121;-0.1500655;0.7181739
3950967584;41.14843;-8.597352;-0.1500521;0.7181755
3950967586;41.14848;-8.598117;-0.1500655;0.7181764
3950967587;41.14851;-8.598163;-0.1500662;0.7181769
3950967589;41.14855;-8.598099;-0.1500651;0.7181777
3950967591;41.14891;-8.597566;-0.1500558;0.718184
3950967593;41.14976;-8.596214;-0.1500322;0.7181988
3950967594;41.15017;-8.595448;-0.1500189;0.718206
3950967595;41.15031;-8.595185;-0.1500143;0.7182084
3950967596;41.1504;-8.595271;-0.1500158;0.71821
3950967597;41.15041;-8.595005;-0.1500111;0.7182102
3950967598;41.15068;-8.594369;-0.15;0.7182148
3950967599;41.15072;-8.594267;-0.1499982;0.7182156
3950967601;41.1508;-8.594301;-0.1499989;0.718217
3950967606;41.15085;-8.594175;-0.1499967;0.7182178
3950967608;41.15084;-8.593972;-0.1499931;0.7182177
3950967609;41.15085;-8.593502;-0.1499849;0.7182178
3950967611;41.15087;-8.594107;-0.1499955;0.7182182
3950967616;41.15092;-8.593875;-0.1499914;0.7182191
3950967620;41.15095;-8.594078;-0.149995;0.7182196
3950967621;41.15095;-8.593916;-0.1499921;0.7182195
3950967622;41.15097;-8.593639;-0.1499873;0.71822
3950967623;41.15098;-8.593602;-0.1499867;0.7182201
3950967625;41.15098;-8.594125;-0.1499958;0.7182201
3950967626;41.15098;-8.593407;-0.1499832;0.7182201
3950967629;41.15101;-8.593628;-0.1499871;0.7182206
3950967631;41.15102;-8.59342;-0.1499835;0.7182208
3950967635;41.15104;-8.593155;-0.1499788;0.7182212
3950967636;41.15105;-8.593432;-0.1499837;0.7182213
3950967638;41.15105;-8.594214;-0.1499973;0.7182214
3950967640;41.15108;-8.594239;-0.1499978;0.7182218
3950967645;41.15109;-8.593098;-0.1499778;0.7182221
3950967650;41.15113;-8.593068;-0.1499773;0.7182227
3950967653;41.15115;-8.592968;-0.1499756;0.718223
3950967771;41.15144;-8.586043;-0.1498547;0.718228
3950967797;41.15165;-8.592443;-0.1499664;0.7182318
3950967819;41.15183;-8.59224;-0.1499629;0.718235
3950967828;41.1521;-8.590844;-0.1499385;0.7182395
3950967851;41.15261;-8.585242;-0.1498407;0.7182485
3950967858;41.15273;-8.590125;-0.149926;0.7182506
3950967859;41.15287;-8.589267;-0.149911;0.7182531
3950967860;41.15297;-8.590445;-0.1499315;0.7182549
3950967862;41.15305;-8.590495;-0.1499324;0.7182561
3950967863;41.15327;-8.588335;-0.1498947;0.7182601
4378211515;41.14791;-8.586255;-0.1498584;0.7181665
4378211524;41.14867;-8.58604;-0.1498547;0.7181798
4378211547;41.1488;-8.585913;-0.1498524;0.718182
4378211597;41.14935;-8.586295;-0.1498591;0.7181916
4378211600;41.14937;-8.586372;-0.1498605;0.718192
4378211626;41.14964;-8.586229;-0.149858;0.7181967
4378211628;41.14996;-8.586239;-0.1498581;0.7182024
4378211631;41.15185;-8.585608;-0.1498471;0.7182353
4394286211;41.15216;-8.586653;-0.1498654;0.7182407
4444174173;41.15289;-8.593133;-0.1499785;0.7182534
4444174174;41.15277;-8.592613;-0.1499694;0.7182513
4444174177;41.15256;-8.594745;-0.1500066;0.7182476
4444174178;41.15276;-8.595283;-0.150016;0.7182512
4444174179;41.15266;-8.595524;-0.1500202;0.7182494
4444174180;41.15255;-8.59575;-0.1500241;0.7182475
4444174181;41.15238;-8.595968;-0.1500279;0.7182446
4444174182;41.15226;-8.596001;-0.1500285;0.7182424
4444174183;41.15215;-8.595896;-0.1500267;0.7182405
4444174184;41.15212;-8.59583;-0.1500255;0.71824
4444174185;41.15215;-8.595734;-0.1500238;0.7182406
4444174186;41.15214;-8.595771;-0.1500245;0.7182403
4444174187;41.15195;-8.595714;-0.1500235;0.7182371
4444174188;41.15222;-8.596076;-0.1500298;0.7182417
4444174389;41.15187;-8.596174;-0.1500315;0.7182357
4444174390;41.15167;-8.596228;-0.1500325;0.7182321
4444174391;41.15158;-8.596171;-0.1500315;0.7182305
4444174392;41.15154;-8.595948;-0.1500276;0.7182298
4444174393;41.15157;-8.595731;-0.1500238;0.7182304
4444174394;41.15161;-8.595669;-0.1500227;0.718231
4444174395;41.15292;-8.594868;-0.1500087;0.718254
4452315830;41.15415;-8.588861;-0.1499039;0.7182754
4452315832;41.14806;-8.590652;-0.1499352;0.718169
4452315833;41.1479;-8.591274;-0.149946;0.7181663
4452315834;41.14803;-8.591472;-0.1499495;0.7181686
4452315835;41.14803;-8.591602;-0.1499518;0.7181687
4452315836;41.14809;-8.591678;-0.1499531;0.7181696
4452315837;41.14811;-8.591717;-0.1499538;0.71817
4452315865;41.14951;-8.591365;-0.1499476;0.7181944
4452315866;41.14947;-8.592063;-0.1499598;0.7181938
4452315867;41.14928;-8.592087;-0.1499602;0.7181904
4452315868;41.14912;-8.592143;-0.1499612;0.7181877
4452315869;41.14896;-8.592201;-0.1499622;0.7181848
4452315870;41.14872;-8.592292;-0.1499638;0.7181807
4452315871;41.14864;-8.59217;-0.1499617;0.7181793
4452315872;41.14854;-8.591936;-0.1499576;0.7181776
4452315873;41.14847;-8.591809;-0.1499554;0.7181762
4452315874;41.14838;-8.591793;-0.1499551;0.7181747
4452315875;41.14825;-8.591837;-0.1499558;0.7181724
4452315876;41.1482;-8.591834;-0.1499558;0.7181715
4452315877;41.14812;-8.591782;-0.1499549;0.7181702
4452315878;41.14843;-8.591788;-0.149955;0.7181755
4458012086;41.15257;-8.593629;-0.1499871;0.7182479
4458013144;41.15145;-8.594369;-0.15;0.7182283
4458013145;41.15129;-8.595087;-0.1500126;0.7182256
4458013146;41.1514;-8.594531;-0.1500029;0.7182274
4458013161;41.15068;-8.592937;-0.149975;0.7182149
4458013162;41.15077;-8.592833;-0.1499732;0.7182165
4458013163;41.15085;-8.592727;-0.1499714;0.7182178
4458013164;41.15099;-8.592583;-0.1499689;0.7182204
4458013165;41.15115;-8.592449;-0.1499665;0.718223
4458017023;41.15158;-8.593416;-0.1499834;0.7182307
4466600888;41.14529;-8.590729;-0.1499365;0.7181209
4466617541;41.14618;-8.594481;-0.150002;0.7181364
4473717345;41.15094;-8.594002;-0.1499936;0.7182193
4473717346;41.15094;-8.594044;-0.1499944;0.7182194
4473717347;41.15111;-8.593033;-0.1499767;0.7182224
4473717348;41.15113;-8.592888;-0.1499742;0.7182227
4473717349;41.15344;-8.591201;-0.1499447;0.7182631
4473717350;41.15337;-8.591234;-0.1499453;0.7182618
4473717351;41.15324;-8.591326;-0.1499469;0.7182595
4486698382;41.14913;-8.589458;-0.1499143;0.7181878
4486698383;41.14901;-8.589524;-0.1499155;0.7181857
4492375337;41.15066;-8.595524;-0.1500202;0.7182145
4492375338;41.15096;-8.595827;-0.1500255;0.7182197
4492375339;41.151;-8.5959;-0.1500268;0.7182205
4505215363;41.14643;-8.593066;-0.1499773;0.7181406
4505215365;41.1469;-8.593239;-0.1499803;0.7181489
4505215366;41.14707;-8.592938;-0.1499751;0.7181518
4505215367;41.14721;-8.594234;-0.1499977;0.7181542
4505215368;41.14708;-8.593765;-0.1499895;0.718152
4505215369;41.14692;-8.593347;-0.1499822;0.7181492
4573702142;41.15203;-8.590791;-0.1499376;0.7182384
4573702143;41.152;-8.59076;-0.149937;0.7182378
4573702144;41.15176;-8.5904;-0.1499308;0.7182337
4573702145;41.15174;-8.590331;-0.1499296;0.7182335
4573702146;41.15171;-8.590274;-0.1499286;0.7182329
4581810328;41.14968;-8.587497;-0.1498801;0.7181973
4581810329;41.14965;-8.587299;-0.1498767;0.7181969
4581810330;41.1498;-8.587296;-0.1498766;0.7181994
4581810331;41.14964;-8.587316;-0.1498769;0.7181967
4581810332;41.14968;-8.587528;-0.1498806;0.7181973
4581810333;41.14979;-8.587281;-0.1498763;0.7181993
4581810334;41.15063;-8.586101;-0.1498557;0.7182139
4581810335;41.1507;-8.587346;-0.1498775;0.7182151
4581810336;41.15064;-8.586178;-0.1498571;0.7182142
4581810337;41.15154;-8.588203;-0.1498924;0.7182298
4581810338;41.15141;-8.588206;-0.1498925;0.7182276
4581810339;41.15131;-8.588187;-0.1498921;0.7182258
4581810340;41.15126;-8.588128;-0.1498911;0.7182251
4581810341;41.15126;-8.587988;-0.1498887;0.7182251
4581810342;41.15127;-8.587835;-0.149886;0.7182251
4581810343;41.15127;-8.587776;-0.149885;0.7182252
4581810344;41.15127;-8.587933;-0.1498877;0.7182251
4581810345;41.15115;-8.587891;-0.149887;0.718223
4581810346;41.15125;-8.588236;-0.149893;0.7182248
4581810347;41.15119;-8.588298;-0.1498941;0.7182237
4581810348;41.15114;-8.58831;-0.1498943;0.7182229
4581810349;41.15101;-8.588324;-0.1498945;0.7182206
4581810350;41.15086;-8.588307;-0.1498942;0.7182181
4581810351;41.15082;-8.588275;-0.1498937;0.7182173
4581810352;41.15079;-8.588141;-0.1498913;0.7182168
4581810353;41.15076;-8.587725;-0.1498841;0.7182162
4581810354;41.15076;-8.587562;-0.1498812;0.7182162
4581810355;41.15073;-8.587419;-0.1498787;0.7182158
4591119708;41.14809;-8.597955;-0.1500626;0.7181696
4591119764;41.1487;-8.590561;-0.1499336;0.7181802
4591119765;41.1483;-8.590439;-0.1499314;0.7181734
4591119766;41.14823;-8.59046;-0.1499318;0.7181721
4591119767;41.14815;-8.590529;-0.149933;0.7181706
4591119768;41.14801;-8.590712;-0.1499362;0.7181683
4591119769;41.14796;-8.590756;-0.149937;0.7181675
4591119770;41.14777;-8.590877;-0.1499391;0.7181641
4591119771;41.14769;-8.590899;-0.1499395;0.7181626
4591119772;41.14764;-8.590899;-0.1499395;0.7181618
4591119773;41.14782;-8.591252;-0.1499456;0.7181649
4591119774;41.14771;-8.591157;-0.149944;0.718163
4591119775;41.14763;-8.591028;-0.1499417;0.7181616
4591119776;41.1476;-8.590982;-0.1499409;0.718161
4591119777;41.14744;-8.590928;-0.14994;0.7181584
4591119778;41.14738;-8.5909;-0.1499395;0.7181572
4591119779;41.14733;-8.590881;-0.1499392;0.7181563
4591119782;41.14816;-8.59182;-0.1499555;0.7181708
4591119783;41.14805;-8.591644;-0.1499525;0.718169
4591119784;41.14803;-8.591558;-0.149951;0.7181685
4591119785;41.14802;-8.591513;-0.1499502;0.7181684
4591119786;41.14806;-8.59141;-0.1499484;0.718169
4591119787;41.14807;-8.591362;-0.1499476;0.7181693
4591119788;41.14808;-8.591303;-0.1499465;0.7181695
4591119889;41.1481;-8.591386;-0.149948;0.7181699
4591119890;41.14853;-8.591478;-0.1499496;0.7181773
4591119891;41.14937;-8.591392;-0.1499481;0.718192
4685595595;41.14617;-8.586244;-0.1498582;0.7181361
4685595596;41.14679;-8.58605;-0.1498548;0.718147
4685595597;41.14687;-8.585974;-0.1498535;0.7181484
4685595598;41.14698;-8.587352;-0.1498776;0.7181504
4685595599;41.14677;-8.588934;-0.1499052;0.7181466
4685595600;41.14671;-8.588976;-0.1499059;0.7181456
4685595601;41.14667;-8.588986;-0.1499061;0.7181449
4685595602;41.1468;-8.588904;-0.1499047;0.7181472
4685595603;41.14698;-8.589;-0.1499063;0.7181504
4685595604;41.14694;-8.58898;-0.149906;0.7181496
4685595605;41.14691;-8.588963;-0.1499057;0.718149
4685595606;41.14688;-8.588933;-0.1499052;0.7181485
4685595607;41.1466;-8.58897;-0.1499058;0.7181436
4685595608;41.14656;-8.588953;-0.1499055;0.718143
4685595609;41.1465;-8.588978;-0.1499059;0.7181419
4685595610;41.14644;-8.588975;-0.1499059;0.7181408
4685595611;41.14618;-8.588904;-0.1499047;0.7181364
4685595612;41.14608;-8.588874;-0.1499041;0.7181345
4685595613;41.14594;-8.588827;-0.1499033;0.718132
4685615403;41.14611;-8.592182;-0.1499619;0.7181352
4685615413;41.1462;-8.59437;-0.1500001;0.7181367
4751573321;41.15153;-8.590053;-0.1499247;0.7182297
4751573322;41.15159;-8.589959;-0.1499231;0.7182307
4751573323;41.15162;-8.589916;-0.1499223;0.7182313
4751573324;41.15165;-8.589922;-0.1499224;0.7182319
4751573325;41.15179;-8.590079;-0.1499252;0.7182343
4751573326;41.15182;-8.590089;-0.1499253;0.7182348
4751573327;41.15188;-8.590061;-0.1499248;0.7182359
4751573328;41.15212;-8.589688;-0.1499183;0.71824
4751573329;41.15268;-8.589456;-0.1499143;0.7182497
4751573330;41.15267;-8.589431;-0.1499138;0.7182496
4751573331;41.15266;-8.589416;-0.1499136;0.7182495
4751573336;41.15274;-8.589344;-0.1499123;0.7182508
4751573337;41.15273;-8.589327;-0.149912;0.7182506
4751573338;41.15272;-8.589307;-0.1499117;0.7182505
4751573339;41.15257;-8.588646;-0.1499002;0.7182479
4751573344;41.15258;-8.588607;-0.1498995;0.718248
4751573345;41.15258;-8.588578;-0.149899;0.7182481
4751573346;41.15261;-8.58855;-0.1498985;0.7182485
4751573347;41.15254;-8.588537;-0.1498982;0.7182473
4751573348;41.15249;-8.588534;-0.1498982;0.7182465
4751573349;41.15245;-8.588511;-0.1498978;0.7182458
4751573350;41.15242;-8.588474;-0.1498972;0.7182452
4751573351;41.15238;-8.588419;-0.1498962;0.7182445
4751573352;41.15236;-8.588367;-0.1498953;0.7182441
4751573353;41.15234;-8.58833;-0.1498946;0.7182439
4751573354;41.15233;-8.588278;-0.1498937;0.7182436
4751573355;41.15232;-8.588229;-0.1498929;0.7182435
4751573356;41.15233;-8.588189;-0.1498922;0.7182437
4751573357;41.15236;-8.588156;-0.1498916;0.7182441
4751573358;41.15238;-8.588121;-0.149891;0.7182445
4751573359;41.1524;-8.588083;-0.1498903;0.718245
4751573360;41.1524;-8.588007;-0.149889;0.7182449
4751573361;41.15235;-8.587913;-0.1498874;0.718244
4751573362;41.15257;-8.588525;-0.149898;0.7182479
4751573363;41.15241;-8.588043;-0.1498896;0.718245
4751627620;41.15313;-8.587692;-0.1498835;0.7182575
4751628021;41.15316;-8.587633;-0.1498825;0.7182582
4751628022;41.1532;-8.587553;-0.1498811;0.7182588
4751628023;41.15312;-8.58724;-0.1498756;0.7182574
4751628049;41.15278;-8.587299;-0.1498767;0.7182515
4751628050;41.15282;-8.587236;-0.1498756;0.7182522
4751628051;41.15283;-8.587192;-0.1498748;0.7182524
4751628052;41.15284;-8.587156;-0.1498742;0.7182525
4751628053;41.15284;-8.587089;-0.149873;0.7182525
4751628054;41.15284;-8.587035;-0.149872;0.7182525
4751628055;41.1528;-8.58679;-0.1498678;0.7182518
4751628056;41.15276;-8.586579;-0.1498641;0.7182512
4751628057;41.15273;-8.58641;-0.1498611;0.7182506
4751628058;41.15269;-8.58636;-0.1498602;0.7182499
4751628059;41.15229;-8.586666;-0.1498656;0.7182429
4751628060;41.15227;-8.586582;-0.1498641;0.7182426
4751628061;41.15234;-8.586493;-0.1498626;0.7182438
4751628062;41.15311;-8.585066;-0.1498377;0.7182572
4751628063;41.15398;-8.585589;-0.1498468;0.7182724
4751628064;41.15395;-8.585561;-0.1498463;0.7182719
4751628065;41.154;-8.58562;-0.1498473;0.7182729
4751628073;41.15242;-8.586894;-0.1498696;0.7182453
4751628079;41.15357;-8.587914;-0.1498874;0.7182652
4751628080;41.15356;-8.587873;-0.1498867;0.7182651
4751628081;41.15335;-8.587245;-0.1498757;0.7182615
4751628082;41.15323;-8.586854;-0.1498689;0.7182593
4751628127;41.15332;-8.588234;-0.149893;0.7182609
4751628128;41.15332;-8.588308;-0.1498943;0.7182609
4751628129;41.15331;-8.588403;-0.1498959;0.7182606
4751628130;41.1533;-8.588614;-0.1498996;0.7182605
4751628131;41.15329;-8.588869;-0.149904;0.7182603
4751628132;41.15327;-8.589087;-0.1499078;0.7182601
4751628133;41.15328;-8.590046;-0.1499246;0.7182603
4751628136;41.15272;-8.590221;-0.1499276;0.7182505
4751628140;41.15271;-8.591219;-0.1499451;0.7182502
4751628141;41.15258;-8.591226;-0.1499452;0.7182481
4751628142;41.15254;-8.591213;-0.149945;0.7182473
4751628143;41.15254;-8.591169;-0.1499442;0.7182473
4751628144;41.15253;-8.591116;-0.1499433;0.7182472
4751628145;41.15249;-8.591028;-0.1499417;0.7182464
4751628146;41.15247;-8.591003;-0.1499413;0.718246
4751628147;41.15247;-8.590945;-0.1499403;0.718246
4751628148;41.15246;-8.590899;-0.1499395;0.7182459
4751628149;41.15266;-8.590878;-0.1499391;0.7182495
4751631297;41.15265;-8.591238;-0.1499454;0.7182491
4751631298;41.15266;-8.591149;-0.1499438;0.7182495
4751631299;41.1526;-8.591064;-0.1499424;0.7182484
4751631300;41.15256;-8.591002;-0.1499413;0.7182476
4751632856;41.15277;-8.590203;-0.1499273;0.7182514
4751660528;41.14897;-8.586434;-0.1498615;0.7181851
4751660529;41.14891;-8.586447;-0.1498618;0.718184
4751660530;41.14901;-8.58636;-0.1498602;0.7181857
4751660531;41.14892;-8.586038;-0.1498546;0.7181841
4751660532;41.14885;-8.586057;-0.149855;0.7181829
4751660533;41.14894;-8.586047;-0.1498548;0.7181844
4751660534;41.14882;-8.586137;-0.1498564;0.7181824
4751660535;41.14897;-8.586089;-0.1498555;0.7181849
4751660539;41.14907;-8.586226;-0.1498579;0.7181869
4751660540;41.14901;-8.586173;-0.149857;0.7181858
4751660541;41.14919;-8.586267;-0.1498586;0.7181889
4751660542;41.14913;-8.586251;-0.1498584;0.7181877
4751660543;41.14919;-8.586226;-0.1498579;0.7181889
4751660544;41.14922;-8.586225;-0.1498579;0.7181894
4751660545;41.1493;-8.586249;-0.1498583;0.7181908
4751660546;41.14927;-8.586289;-0.149859;0.7181902
4751660547;41.14929;-8.586295;-0.1498591;0.7181906
4751660548;41.14932;-8.586298;-0.1498592;0.7181911
4751660549;41.14926;-8.586262;-0.1498585;0.7181901
4751660550;41.14925;-8.586283;-0.1498589;0.7181898
4751660551;41.14934;-8.586337;-0.1498598;0.7181914
4751660552;41.14931;-8.586354;-0.1498602;0.718191
4751660553;41.14993;-8.586178;-0.1498571;0.7182017
4751660554;41.14991;-8.586206;-0.1498576;0.7182013
4751660555;41.14988;-8.586231;-0.149858;0.7182008
4751660556;41.14982;-8.585977;-0.1498536;0.7181999
4751660557;41.14988;-8.586006;-0.1498541;0.7182009
4751660558;41.14988;-8.586022;-0.1498544;0.7182008
4751660559;41.14983;-8.58601;-0.1498541;0.7182
4751660560;41.14989;-8.586083;-0.1498554;0.7182012
4751660561;41.15055;-8.586037;-0.1498546;0.7182127
4751660562;41.15049;-8.58604;-0.1498547;0.7182116
4751660563;41.15062;-8.586049;-0.1498548;0.7182138
4751660564;41.15027;-8.586175;-0.149857;0.7182077
4751660565;41.14992;-8.586246;-0.1498583;0.7182016
4751660566;41.14988;-8.586252;-0.1498584;0.7182009
4751660567;41.14969;-8.586308;-0.1498594;0.7181976
4751660568;41.14933;-8.586379;-0.1498606;0.7181912
4751660569;41.1493;-8.586378;-0.1498606;0.7181908
4751660570;41.14913;-8.586355;-0.1498602;0.7181877
4751660571;41.1491;-8.586353;-0.1498601;0.7181873
4751660572;41.14904;-8.586376;-0.1498605;0.7181861
4751660573;41.14897;-8.586521;-0.1498631;0.7181851
4751660574;41.14898;-8.586467;-0.1498621;0.7181851
4751660575;41.14887;-8.586466;-0.1498621;0.7181833
4751660576;41.14889;-8.586435;-0.1498616;0.7181836
4751660577;41.14891;-8.586656;-0.1498654;0.718184
4751660578;41.14899;-8.58661;-0.1498646;0.7181853
4751660579;41.14902;-8.587049;-0.1498723;0.7181858
4751660580;41.14987;-8.591309;-0.1499466;0.7182007
4751660581;41.14974;-8.591338;-0.1499471;0.7181984
4751660582;41.14949;-8.591713;-0.1499537;0.7181942
4751660583;41.14949;-8.591817;-0.1499555;0.7181942
4751660584;41.1495;-8.592035;-0.1499593;0.7181943
4751660585;41.14949;-8.592055;-0.1499597;0.7181942
4751660586;41.14939;-8.592069;-0.1499599;0.7181923
4751660587;41.1495;-8.591547;-0.1499508;0.7181943
4751660588;41.14944;-8.590803;-0.1499378;0.7181932
4751660589;41.14947;-8.590805;-0.1499378;0.7181937
4751660590;41.14931;-8.590791;-0.1499376;0.718191
4751660591;41.14869;-8.590619;-0.1499346;0.7181801
4751660592;41.14872;-8.590689;-0.1499358;0.7181806
4751660593;41.14835;-8.591053;-0.1499422;0.7181741
4751660594;41.14828;-8.591137;-0.1499436;0.7181729
4751660595;41.14757;-8.590963;-0.1499406;0.7181605
4751660596;41.14758;-8.590929;-0.14994;0.7181607
4751660597;41.14817;-8.590489;-0.1499323;0.7181711
4751660598;41.14826;-8.590456;-0.1499317;0.7181726
4751660599;41.14863;-8.590316;-0.1499293;0.7181791
4751660600;41.15177;-8.592299;-0.1499639;0.7182339
4751660601;41.15178;-8.592276;-0.1499635;0.7182341
4751660602;41.15177;-8.592334;-0.1499645;0.7182338
4751660603;41.15161;-8.592463;-0.1499668;0.7182311
4751660604;41.15116;-8.592854;-0.1499736;0.7182232
4751660605;41.15111;-8.592927;-0.1499749;0.7182224
4751660606;41.15113;-8.592996;-0.1499761;0.7182227
4751660607;41.1509;-8.59354;-0.1499856;0.7182187
4751660608;41.15081;-8.593414;-0.1499834;0.7182171
4751660609;41.15083;-8.593784;-0.1499898;0.7182174
4751660610;41.15085;-8.593824;-0.1499905;0.7182178
4751660611;41.15102;-8.594228;-0.1499976;0.7182207
4751660617;41.15083;-8.594241;-0.1499978;0.7182174
4751660618;41.15054;-8.594667;-0.1500053;0.7182124
4751660627;41.1506;-8.594522;-0.1500027;0.7182134
4751728008;41.14963;-8.596448;-0.1500363;0.7181965
4751728009;41.14969;-8.596337;-0.1500344;0.7181976
4751728010;41.14927;-8.596996;-0.1500459;0.7181903
4751728011;41.14906;-8.597325;-0.1500516;0.7181866
4751728012;41.14873;-8.597831;-0.1500605;0.7181808
4751728013;41.14845;-8.598184;-0.1500666;0.7181759
4751728014;41.14937;-8.596784;-0.1500422;0.718192
4751728015;41.14947;-8.596623;-0.1500394;0.7181938
4751728016;41.14961;-8.596408;-0.1500356;0.7181962
4751728980;41.15463;-8.595428;-0.1500185;0.7182838
4751728981;41.15469;-8.595482;-0.1500195;0.7182848
4751728982;41.15467;-8.595453;-0.150019;0.7182845
4751729039;41.15471;-8.595519;-0.1500201;0.7182851
4751729044;41.15465;-8.595438;-0.1500187;0.7182842
4751755845;41.1523;-8.591984;-0.1499584;0.7182431
4751755846;41.15234;-8.591919;-0.1499573;0.7182438
4753693270;41.15034;-8.590633;-0.1499348;0.718209
4753693271;41.15033;-8.590559;-0.1499335;0.7182087
4753693272;41.15032;-8.590522;-0.1499329;0.7182086
4753693273;41.15031;-8.590486;-0.1499323;0.7182085
4753693274;41.15032;-8.590455;-0.1499317;0.7182086
4753693275;41.15033;-8.590423;-0.1499312;0.7182087
4753693289;41.14982;-8.589723;-0.1499189;0.7181999
4753693290;41.15029;-8.589511;-0.1499152;0.7182081
4753693291;41.15031;-8.589513;-0.1499153;0.7182084
4753693292;41.15033;-8.589525;-0.1499155;0.7182087
4753693293;41.15033;-8.589546;-0.1499159;0.7182088
4753693294;41.15034;-8.589572;-0.1499163;0.7182088
4753693295;41.15033;-8.589601;-0.1499168;0.7182088
4753693296;41.15032;-8.589638;-0.1499175;0.7182086
4753693297;41.1503;-8.589664;-0.1499179;0.7182081
4753693298;41.15025;-8.58969;-0.1499184;0.7182074
4753693299;41.15009;-8.589766;-0.1499197;0.7182046
4753693300;41.14988;-8.589699;-0.1499185;0.7182008
4753693841;41.1495;-8.587578;-0.1498815;0.7181942
4753693842;41.14942;-8.587505;-0.1498802;0.7181928
4753693843;41.14932;-8.587413;-0.1498786;0.7181911
4753693844;41.14927;-8.587384;-0.1498781;0.7181903
4753693845;41.14925;-8.587381;-0.1498781;0.71819
4753693846;41.14928;-8.587388;-0.1498782;0.7181904
4753693885;41.15039;-8.590811;-0.1499379;0.7182097
4753693886;41.1502;-8.590901;-0.1499395;0.7182065
4753693887;41.15014;-8.590931;-0.14994;0.7182055
4753693888;41.15047;-8.590789;-0.1499376;0.7182111
4753693889;41.1508;-8.590637;-0.1499349;0.718217
4753693890;41.15081;-8.590639;-0.1499349;0.7182172
4753693891;41.15082;-8.59065;-0.1499351;0.7182173
4753693892;41.15087;-8.590823;-0.1499382;0.7182181
4753693894;41.15088;-8.591856;-0.1499562;0.7182183
4753693895;41.15096;-8.591802;-0.1499552;0.7182196
4753693896;41.15121;-8.591697;-0.1499534;0.7182242
4753693897;41.15124;-8.591719;-0.1499538;0.7182246
4753693898;41.15134;-8.592159;-0.1499615;0.7182264
4753693899;41.15111;-8.592265;-0.1499633;0.7182223
4753693926;41.15274;-8.592543;-0.1499682;0.7182509
4753693927;41.15265;-8.592602;-0.1499692;0.7182493
4753693928;41.15207;-8.592231;-0.1499627;0.718239
4753693929;41.15216;-8.592668;-0.1499703;0.7182407
4753693930;41.15216;-8.592711;-0.1499711;0.7182407
4753693931;41.15216;-8.592736;-0.1499715;0.7182407
4753693932;41.15215;-8.592753;-0.1499718;0.7182405
4753693933;41.15212;-8.592761;-0.149972;0.71824
4753693934;41.15209;-8.59233;-0.1499645;0.7182394
4753732474;41.1529;-8.59363;-0.1499871;0.7182536
4753732475;41.15296;-8.593606;-0.1499867;0.7182547
4753732476;41.15337;-8.593386;-0.1499829;0.7182618
4753732477;41.15331;-8.593115;-0.1499781;0.7182608
4753732478;41.15295;-8.593364;-0.1499825;0.7182546
4753732479;41.15295;-8.593301;-0.1499814;0.7182546
4753732480;41.15296;-8.593111;-0.1499781;0.7182546
4753732481;41.15297;-8.593078;-0.1499775;0.7182547
4753732482;41.15297;-8.593059;-0.1499772;0.7182547
4753732483;41.15296;-8.593028;-0.1499766;0.7182546
4753732484;41.15294;-8.592974;-0.1499757;0.7182542
4753732485;41.15291;-8.592927;-0.1499749;0.7182537
4753732486;41.15289;-8.592887;-0.1499742;0.7182535
4753732487;41.15295;-8.59356;-0.1499859;0.7182546
4753732941;41.15337;-8.593367;-0.1499825;0.7182618
4753732942;41.1524;-8.592842;-0.1499734;0.718245
4753732943;41.15244;-8.592829;-0.1499732;0.7182455
4753732944;41.15245;-8.592818;-0.149973;0.7182457
4753732945;41.15246;-8.592798;-0.1499726;0.7182459
4753732946;41.15247;-8.592771;-0.1499721;0.7182461
4753732947;41.15248;-8.592744;-0.1499717;0.7182462
4753732948;41.15248;-8.592716;-0.1499712;0.7182463
4753732949;41.15248;-8.592693;-0.1499708;0.7182462
4753732950;41.15237;-8.592079;-0.1499601;0.7182444
4753732951;41.15239;-8.5922;-0.1499622;0.7182447
4753732952;41.15265;-8.594181;-0.1499968;0.7182493
4753732953;41.15263;-8.594235;-0.1499977;0.718249
4753732954;41.15261;-8.594296;-0.1499988;0.7182486
4753732955;41.1526;-8.594363;-0.1499999;0.7182484
4753732956;41.1526;-8.594439;-0.1500012;0.7182484
4753732957;41.15269;-8.59368;-0.149988;0.71825
4753732958;41.15269;-8.593739;-0.149989;0.71825
4753732959;41.15291;-8.594919;-0.1500096;0.7182538
4753732960;41.15288;-8.594993;-0.1500109;0.7182533
4753732984;41.15261;-8.595645;-0.1500223;0.7182485
4753732985;41.15249;-8.595846;-0.1500258;0.7182464
4753732986;41.15244;-8.595909;-0.1500269;0.7182455
4753732987;41.15232;-8.595995;-0.1500284;0.7182434
4753732988;41.15229;-8.596002;-0.1500285;0.7182429
4753732989;41.15213;-8.59586;-0.1500261;0.7182401
4753732990;41.15212;-8.595795;-0.1500249;0.71824
4753732991;41.15163;-8.595589;-0.1500213;0.7182314
4753732992;41.15157;-8.595572;-0.150021;0.7182303
4753732993;41.15154;-8.595573;-0.1500211;0.7182299
4753732994;41.15152;-8.59559;-0.1500213;0.7182295
4753732995;41.15149;-8.595628;-0.150022;0.718229
4753732996;41.15147;-8.595693;-0.1500231;0.7182287
4753732997;41.15146;-8.595811;-0.1500252;0.7182285
4753732998;41.15145;-8.595936;-0.1500274;0.7182283
4753732999;41.15141;-8.595948;-0.1500276;0.7182275
4753733000;41.15116;-8.595922;-0.1500272;0.7182233
4753733001;41.15119;-8.595819;-0.1500254;0.7182237
4753733002;41.15154;-8.595848;-0.1500258;0.7182299
4753733003;41.15155;-8.595785;-0.1500248;0.7182301
4753733004;41.15154;-8.595898;-0.1500267;0.7182298
4753733005;41.15159;-8.595694;-0.1500231;0.7182307
4753733006;41.15162;-8.595662;-0.1500226;0.7182313
4753733007;41.15164;-8.595664;-0.1500226;0.7182316
4753733008;41.15208;-8.595843;-0.1500258;0.7182393
4753733011;41.15148;-8.595661;-0.1500226;0.7182288
4753733012;41.15148;-8.595677;-0.1500229;0.7182288
4753733013;41.15117;-8.595617;-0.1500218;0.7182233
4753733014;41.15262;-8.595618;-0.1500218;0.7182487
4753733016;41.15257;-8.595585;-0.1500213;0.7182479
4753733017;41.15245;-8.59549;-0.1500196;0.7182458
4753733018;41.15242;-8.59551;-0.15002;0.7182453
4753733019;41.15228;-8.595403;-0.1500181;0.7182428
4753733020;41.15226;-8.595469;-0.1500192;0.7182425
4753733021;41.15224;-8.59553;-0.1500203;0.7182422
4753733022;41.15222;-8.595614;-0.1500218;0.7182417
4753733023;41.15219;-8.595673;-0.1500228;0.7182413
4753733024;41.15218;-8.595703;-0.1500233;0.7182411
4753733025;41.15231;-8.595329;-0.1500168;0.7182432
4753733026;41.15231;-8.595291;-0.1500161;0.7182433
4753733027;41.1523;-8.595248;-0.1500154;0.7182431
4753733028;41.15228;-8.595215;-0.1500148;0.7182427
4753733029;41.15253;-8.595333;-0.1500169;0.7182471
4753733030;41.15236;-8.59525;-0.1500154;0.7182441
4753733031;41.15234;-8.59525;-0.1500154;0.7182438
4753733032;41.15232;-8.595261;-0.1500156;0.7182434
4753733051;41.15143;-8.594435;-0.1500012;0.718228
4753765953;41.15162;-8.596214;-0.1500322;0.7182313
4753765954;41.1516;-8.596196;-0.1500319;0.7182308
4753765955;41.15155;-8.5961;-0.1500302;0.7182301
4753765956;41.15154;-8.596024;-0.1500289;0.7182298
4753773206;41.15262;-8.590897;-0.1499394;0.7182487